	Hysteresis	TimeToTrigger	num_HOs	num_HFJs
0	0.0	0.0	16.333333333333332	6.222222222222222
1	0.0	40.0	16.444444444444443	6.0
2	0.0	64.0	16.444444444444443	3.6666666666666665
3	0.0	80.0	16.333333333333332	6.0
4	0.0	100.0	16.444444444444443	4.0
5	0.0	128.0	16.444444444444443	4.0
6	0.0	160.0	16.333333333333332	6.0
7	0.0	256.0	16.444444444444443	4.0
8	0.0	320.0	16.333333333333332	6.222222222222222
9	0.0	480.0	16.333333333333332	6.222222222222222
10	0.0	512.0	16.444444444444443	4.222222222222222
11	0.19999999999999998	0.0	16.333333333333332	6.222222222222222
12	0.19999999999999998	40.0	16.444444444444443	6.0
13	0.19999999999999998	64.0	16.444444444444443	3.6666666666666665
14	0.19999999999999998	80.0	16.333333333333332	6.0
15	0.19999999999999998	100.0	16.444444444444443	4.0
16	0.19999999999999998	128.0	16.444444444444443	4.0
17	0.19999999999999998	160.0	16.333333333333332	6.0
18	0.19999999999999998	256.0	16.444444444444443	4.0
19	0.19999999999999998	320.0	16.333333333333332	6.222222222222222
20	0.19999999999999998	480.0	16.333333333333332	6.222222222222222
21	0.19999999999999998	512.0	16.444444444444443	4.222222222222222
22	0.39999999999999997	0.0	15.666666666666666	5.888888888888889
23	0.39999999999999997	40.0	15.777777777777779	5.888888888888889
24	0.39999999999999997	64.0	15.777777777777779	4.111111111111111
25	0.39999999999999997	80.0	15.666666666666666	5.888888888888889
26	0.39999999999999997	100.0	15.777777777777779	3.6666666666666665
27	0.39999999999999997	128.0	15.777777777777779	4.666666666666667
28	0.39999999999999997	160.0	15.666666666666666	5.888888888888889
29	0.39999999999999997	256.0	15.777777777777779	3.6666666666666665
30	0.39999999999999997	320.0	15.666666666666666	6.0
31	0.39999999999999997	480.0	15.666666666666666	5.888888888888889
32	0.39999999999999997	512.0	15.777777777777779	3.888888888888889
33	0.6000000000000001	0.0	15.666666666666666	5.888888888888889
34	0.6000000000000001	40.0	15.777777777777779	5.888888888888889
35	0.6000000000000001	64.0	15.777777777777779	4.111111111111111
36	0.6000000000000001	80.0	15.666666666666666	5.888888888888889
37	0.6000000000000001	100.0	15.777777777777779	3.6666666666666665
38	0.6000000000000001	128.0	15.777777777777779	4.666666666666667
39	0.6000000000000001	160.0	15.666666666666666	5.888888888888889
40	0.6000000000000001	256.0	15.777777777777779	3.6666666666666665
41	0.6000000000000001	320.0	15.666666666666666	6.0
42	0.6000000000000001	480.0	15.666666666666666	5.888888888888889
43	0.6000000000000001	512.0	15.777777777777779	3.888888888888889
44	0.7999999999999999	0.0	15.444444444444445	6.111111111111111
45	0.7999999999999999	40.0	15.333333333333334	5.666666666666667
46	0.7999999999999999	64.0	15.444444444444445	3.7777777777777777
47	0.7999999999999999	80.0	15.444444444444445	6.111111111111111
48	0.7999999999999999	100.0	15.444444444444445	3.5555555555555554
49	0.7999999999999999	128.0	15.444444444444445	4.0
50	0.7999999999999999	160.0	15.444444444444445	6.0
51	0.7999999999999999	256.0	15.444444444444445	3.7777777777777777
52	0.7999999999999999	320.0	15.444444444444445	6.111111111111111
53	0.7999999999999999	480.0	15.444444444444445	5.777777777777778
54	0.7999999999999999	512.0	15.444444444444445	4.111111111111111
55	1.0	0.0	15.444444444444445	6.111111111111111
56	1.0	40.0	15.333333333333334	5.666666666666667
57	1.0	64.0	15.444444444444445	3.7777777777777777
58	1.0	80.0	15.444444444444445	6.111111111111111
59	1.0	100.0	15.444444444444445	3.5555555555555554
60	1.0	128.0	15.444444444444445	4.0
61	1.0	160.0	15.444444444444445	6.0
62	1.0	256.0	15.444444444444445	3.7777777777777777
63	1.0	320.0	15.444444444444445	6.111111111111111
64	1.0	480.0	15.444444444444445	5.777777777777778
65	1.0	512.0	15.444444444444445	4.111111111111111
66	1.2000000000000002	0.0	15.444444444444445	6.111111111111111
67	1.2000000000000002	40.0	15.333333333333334	5.666666666666667
68	1.2000000000000002	64.0	15.444444444444445	3.7777777777777777
69	1.2000000000000002	80.0	15.444444444444445	6.111111111111111
70	1.2000000000000002	100.0	15.444444444444445	3.5555555555555554
71	1.2000000000000002	128.0	15.444444444444445	4.0
72	1.2000000000000002	160.0	15.444444444444445	6.0
73	1.2000000000000002	256.0	15.444444444444445	3.7777777777777777
74	1.2000000000000002	320.0	15.444444444444445	6.111111111111111
75	1.2000000000000002	480.0	15.444444444444445	5.777777777777778
76	1.2000000000000002	512.0	15.444444444444445	4.111111111111111
77	1.4000000000000001	0.0	15.222222222222221	5.555555555555555
78	1.4000000000000001	40.0	15.11111111111111	5.777777777777778
79	1.4000000000000001	64.0	15.222222222222221	3.7777777777777777
80	1.4000000000000001	80.0	15.222222222222221	5.777777777777778
81	1.4000000000000001	100.0	15.222222222222221	3.7777777777777777
82	1.4000000000000001	128.0	15.222222222222221	4.555555555555555
83	1.4000000000000001	160.0	15.222222222222221	5.666666666666667
84	1.4000000000000001	256.0	15.222222222222221	3.6666666666666665
85	1.4000000000000001	320.0	15.222222222222221	5.666666666666667
86	1.4000000000000001	480.0	15.222222222222221	5.777777777777778
87	1.4000000000000001	512.0	15.222222222222221	4.555555555555555
88	1.5999999999999999	0.0	15.222222222222221	5.555555555555555
89	1.5999999999999999	40.0	15.11111111111111	5.777777777777778
90	1.5999999999999999	64.0	15.222222222222221	3.7777777777777777
91	1.5999999999999999	80.0	15.222222222222221	5.777777777777778
92	1.5999999999999999	100.0	15.222222222222221	3.7777777777777777
93	1.5999999999999999	128.0	15.222222222222221	4.555555555555555
94	1.5999999999999999	160.0	15.222222222222221	5.666666666666667
95	1.5999999999999999	256.0	15.222222222222221	3.6666666666666665
96	1.5999999999999999	320.0	15.222222222222221	5.666666666666667
97	1.5999999999999999	480.0	15.222222222222221	5.777777777777778
98	1.5999999999999999	512.0	15.222222222222221	4.555555555555555
99	1.8000000000000003	0.0	14.777777777777779	5.222222222222222
100	1.8000000000000003	40.0	14.88888888888889	5.333333333333333
101	1.8000000000000003	64.0	14.88888888888889	3.6666666666666665
102	1.8000000000000003	80.0	14.777777777777779	5.666666666666667
103	1.8000000000000003	100.0	14.88888888888889	3.5555555555555554
104	1.8000000000000003	128.0	14.88888888888889	4.222222222222222
105	1.8000000000000003	160.0	14.777777777777779	5.444444444444445
106	1.8000000000000003	256.0	14.88888888888889	3.3333333333333335
107	1.8000000000000003	320.0	14.777777777777779	5.666666666666667
108	1.8000000000000003	480.0	14.777777777777779	5.666666666666667
109	1.8000000000000003	512.0	14.88888888888889	3.7777777777777777
110	2.0	0.0	14.777777777777779	5.222222222222222
111	2.0	40.0	14.88888888888889	5.333333333333333
112	2.0	64.0	14.88888888888889	3.6666666666666665
113	2.0	80.0	14.777777777777779	5.666666666666667
114	2.0	100.0	14.88888888888889	3.5555555555555554
115	2.0	128.0	14.88888888888889	4.222222222222222
116	2.0	160.0	14.777777777777779	5.444444444444445
117	2.0	256.0	14.88888888888889	3.3333333333333335
118	2.0	320.0	14.777777777777779	5.666666666666667
119	2.0	480.0	14.777777777777779	5.666666666666667
120	2.0	512.0	14.88888888888889	3.7777777777777777
121	2.1999999999999997	0.0	14.777777777777779	5.222222222222222
122	2.1999999999999997	40.0	14.88888888888889	5.333333333333333
123	2.1999999999999997	64.0	14.88888888888889	3.6666666666666665
124	2.1999999999999997	80.0	14.777777777777779	5.666666666666667
125	2.1999999999999997	100.0	14.88888888888889	3.5555555555555554
126	2.1999999999999997	128.0	14.88888888888889	4.222222222222222
127	2.1999999999999997	160.0	14.777777777777779	5.444444444444445
128	2.1999999999999997	256.0	14.88888888888889	3.3333333333333335
129	2.1999999999999997	320.0	14.777777777777779	5.666666666666667
130	2.1999999999999997	480.0	14.777777777777779	5.666666666666667
131	2.1999999999999997	512.0	14.88888888888889	3.7777777777777777
132	2.4000000000000004	0.0	14.444444444444445	6.333333333333333
133	2.4000000000000004	40.0	14.555555555555555	5.777777777777778
134	2.4000000000000004	64.0	14.555555555555555	4.333333333333333
135	2.4000000000000004	80.0	14.333333333333334	6.0
136	2.4000000000000004	100.0	14.444444444444445	4.222222222222222
137	2.4000000000000004	128.0	14.444444444444445	5.0
138	2.4000000000000004	160.0	14.333333333333334	6.333333333333333
139	2.4000000000000004	256.0	14.444444444444445	4.444444444444445
140	2.4000000000000004	320.0	14.333333333333334	6.555555555555555
141	2.4000000000000004	480.0	14.333333333333334	6.666666666666667
142	2.4000000000000004	512.0	14.444444444444445	4.888888888888889
143	2.6	0.0	14.444444444444445	6.333333333333333
144	2.6	40.0	14.555555555555555	5.777777777777778
145	2.6	64.0	14.555555555555555	4.333333333333333
146	2.6	80.0	14.333333333333334	6.0
147	2.6	100.0	14.444444444444445	4.222222222222222
148	2.6	128.0	14.444444444444445	5.0
149	2.6	160.0	14.333333333333334	6.333333333333333
150	2.6	256.0	14.444444444444445	4.444444444444445
151	2.6	320.0	14.333333333333334	6.555555555555555
152	2.6	480.0	14.333333333333334	6.666666666666667
153	2.6	512.0	14.444444444444445	4.888888888888889
154	2.8000000000000003	0.0	13.555555555555555	6.0
155	2.8000000000000003	40.0	13.666666666666666	6.333333333333333
156	2.8000000000000003	64.0	13.666666666666666	4.444444444444445
157	2.8000000000000003	80.0	13.555555555555555	5.888888888888889
158	2.8000000000000003	100.0	13.666666666666666	4.333333333333333
159	2.8000000000000003	128.0	13.666666666666666	5.111111111111111
160	2.8000000000000003	160.0	13.555555555555555	5.666666666666667
161	2.8000000000000003	256.0	13.555555555555555	4.555555555555555
162	2.8000000000000003	320.0	13.444444444444445	5.777777777777778
163	2.8000000000000003	480.0	13.444444444444445	5.888888888888889
164	2.8000000000000003	512.0	13.555555555555555	4.888888888888889
165	3.0	0.0	13.555555555555555	6.0
166	3.0	40.0	13.666666666666666	6.333333333333333
167	3.0	64.0	13.666666666666666	4.444444444444445
168	3.0	80.0	13.555555555555555	5.888888888888889
169	3.0	100.0	13.666666666666666	4.333333333333333
170	3.0	128.0	13.666666666666666	5.111111111111111
171	3.0	160.0	13.555555555555555	5.666666666666667
172	3.0	256.0	13.555555555555555	4.555555555555555
173	3.0	320.0	13.444444444444445	5.777777777777778
174	3.0	480.0	13.444444444444445	5.888888888888889
175	3.0	512.0	13.555555555555555	4.888888888888889
