	Hysteresis	TimeToTrigger	num_HOs	num_HFJs
0	0.0	0.0	22	8
1	0.0	40.0	22	6
2	0.0	64.0	22	4
3	0.0	80.0	22	8
4	0.0	100.0	22	5
5	0.0	128.0	22	6
6	0.0	160.0	22	8
7	0.0	256.0	22	7
8	0.0	320.0	22	8
9	0.0	480.0	22	8
10	0.0	512.0	22	4
11	0.2	0.0	22	8
12	0.2	40.0	22	6
13	0.2	64.0	22	4
14	0.2	80.0	22	8
15	0.2	100.0	22	5
16	0.2	128.0	22	6
17	0.2	160.0	22	8
18	0.2	256.0	22	7
19	0.2	320.0	22	8
20	0.2	480.0	22	8
21	0.2	512.0	22	4
22	0.4	0.0	20	7
23	0.4	40.0	20	5
24	0.4	64.0	20	3
25	0.4	80.0	20	7
26	0.4	100.0	20	3
27	0.4	128.0	20	9
28	0.4	160.0	20	8
29	0.4	256.0	20	5
30	0.4	320.0	20	8
31	0.4	480.0	20	7
32	0.4	512.0	20	3
33	0.6000000000000001	0.0	20	7
34	0.6000000000000001	40.0	20	5
35	0.6000000000000001	64.0	20	3
36	0.6000000000000001	80.0	20	7
37	0.6000000000000001	100.0	20	3
38	0.6000000000000001	128.0	20	9
39	0.6000000000000001	160.0	20	8
40	0.6000000000000001	256.0	20	5
41	0.6000000000000001	320.0	20	8
42	0.6000000000000001	480.0	20	7
43	0.6000000000000001	512.0	20	3
44	0.8	0.0	20	7
45	0.8	40.0	20	7
46	0.8	64.0	20	4
47	0.8	80.0	20	7
48	0.8	100.0	20	4
49	0.8	128.0	20	7
50	0.8	160.0	20	7
51	0.8	256.0	20	6
52	0.8	320.0	20	7
53	0.8	480.0	20	7
54	0.8	512.0	20	4
55	1.0	0.0	20	7
56	1.0	40.0	20	7
57	1.0	64.0	20	4
58	1.0	80.0	20	7
59	1.0	100.0	20	4
60	1.0	128.0	20	7
61	1.0	160.0	20	7
62	1.0	256.0	20	6
63	1.0	320.0	20	7
64	1.0	480.0	20	7
65	1.0	512.0	20	4
66	1.2000000000000002	0.0	20	7
67	1.2000000000000002	40.0	20	7
68	1.2000000000000002	64.0	20	4
69	1.2000000000000002	80.0	20	7
70	1.2000000000000002	100.0	20	4
71	1.2000000000000002	128.0	20	7
72	1.2000000000000002	160.0	20	7
73	1.2000000000000002	256.0	20	6
74	1.2000000000000002	320.0	20	7
75	1.2000000000000002	480.0	20	7
76	1.2000000000000002	512.0	20	4
77	1.4000000000000001	0.0	20	6
78	1.4000000000000001	40.0	20	6
79	1.4000000000000001	64.0	20	3
80	1.4000000000000001	80.0	20	6
81	1.4000000000000001	100.0	20	3
82	1.4000000000000001	128.0	20	9
83	1.4000000000000001	160.0	20	6
84	1.4000000000000001	256.0	20	4
85	1.4000000000000001	320.0	20	6
86	1.4000000000000001	480.0	20	6
87	1.4000000000000001	512.0	20	3
88	1.6	0.0	20	6
89	1.6	40.0	20	6
90	1.6	64.0	20	3
91	1.6	80.0	20	6
92	1.6	100.0	20	3
93	1.6	128.0	20	9
94	1.6	160.0	20	6
95	1.6	256.0	20	4
96	1.6	320.0	20	6
97	1.6	480.0	20	6
98	1.6	512.0	20	3
99	1.8	0.0	20	5
100	1.8	40.0	20	6
101	1.8	64.0	20	3
102	1.8	80.0	20	6
103	1.8	100.0	20	3
104	1.8	128.0	20	9
105	1.8	160.0	20	6
106	1.8	256.0	20	5
107	1.8	320.0	20	6
108	1.8	480.0	20	6
109	1.8	512.0	20	3
110	2.0	0.0	20	5
111	2.0	40.0	20	6
112	2.0	64.0	20	3
113	2.0	80.0	20	6
114	2.0	100.0	20	3
115	2.0	128.0	20	9
116	2.0	160.0	20	6
117	2.0	256.0	20	5
118	2.0	320.0	20	6
119	2.0	480.0	20	6
120	2.0	512.0	20	3
121	2.2	0.0	20	5
122	2.2	40.0	20	6
123	2.2	64.0	20	3
124	2.2	80.0	20	6
125	2.2	100.0	20	3
126	2.2	128.0	20	9
127	2.2	160.0	20	6
128	2.2	256.0	20	5
129	2.2	320.0	20	6
130	2.2	480.0	20	6
131	2.2	512.0	20	3
132	2.4000000000000004	0.0	20	7
133	2.4000000000000004	40.0	20	5
134	2.4000000000000004	64.0	20	3
135	2.4000000000000004	80.0	20	7
136	2.4000000000000004	100.0	20	3
137	2.4000000000000004	128.0	20	9
138	2.4000000000000004	160.0	20	8
139	2.4000000000000004	256.0	20	5
140	2.4000000000000004	320.0	20	8
141	2.4000000000000004	480.0	20	8
142	2.4000000000000004	512.0	20	4
143	2.6	0.0	20	7
144	2.6	40.0	20	5
145	2.6	64.0	20	3
146	2.6	80.0	20	7
147	2.6	100.0	20	3
148	2.6	128.0	20	9
149	2.6	160.0	20	8
150	2.6	256.0	20	5
151	2.6	320.0	20	8
152	2.6	480.0	20	8
153	2.6	512.0	20	4
154	2.8000000000000003	0.0	20	7
155	2.8000000000000003	40.0	20	7
156	2.8000000000000003	64.0	20	4
157	2.8000000000000003	80.0	20	7
158	2.8000000000000003	100.0	20	4
159	2.8000000000000003	128.0	20	9
160	2.8000000000000003	160.0	20	8
161	2.8000000000000003	256.0	20	7
162	2.8000000000000003	320.0	20	6
163	2.8000000000000003	480.0	20	6
164	2.8000000000000003	512.0	20	4
165	3.0	0.0	20	7
166	3.0	40.0	20	7
167	3.0	64.0	20	4
168	3.0	80.0	20	7
169	3.0	100.0	20	4
170	3.0	128.0	20	9
171	3.0	160.0	20	8
172	3.0	256.0	20	7
173	3.0	320.0	20	6
174	3.0	480.0	20	6
175	3.0	512.0	20	4
